INFO: 01/17/2021 08:13:51 epoch 0, shard 0, rewards train 0.5725011229515076, rewards val 0.702432753164557
INFO: 01/17/2021 08:21:14 epoch 0, shard 1, rewards train 0.7370068430900574, rewards val 0.7811511075949367
INFO: 01/17/2021 08:26:11 epoch 1, shard 0, rewards train 0.8064051270484924, rewards val 0.857671210106383
INFO: 01/17/2021 08:37:59 epoch 1, shard 1, rewards train 0.8344414830207825, rewards val 0.8718833111702128
